*Blok srodkowy

-100 1400 -600 300 1400 -600 300 2100 -600 -100 2100 -600
-100 1400 -400 -100 2100 -400 300 2100 -400 300 1400 -400
-100 1400 -600 -100 1400 -400 300 1400 -400 300 1400 -600
-100 2100 -600 300 2100 -600 300 2100 -400 -100 2100 -400
-100 1400 -600 -100 2100 -600 -100 2100 -400 -100 1400 -400
300 1400 -600 300 1400 -400 300 2100 -400 300 2100 -600


*Blok prawy przedni*

500 1100 -600 1000 1100 -600 1000 1500 -600 500 1500 -600
500 1100 -100 500 1500 -100 1000 1500 -100 1000 1100 -100
500 1100 -600 500 1100 -100 1000 1100 -100 1000 1100 -600
500 1500 -600 1000 1500 -600 1000 1500 -100 500 1500 -100
500 1100 -600 500 1500 -600 500 1500 -100 500 1100 -100
1000 1100 -600 1000 1100 -100 1000 1500 -100 1000 1500 -600


*Blok prawy tylny

600 1700 -600 1100 1700 -600 1100 2200 -600 600 2200 -600
600 1700 300 600 2200 300 1100 2200 300 1100 1700 300
600 1700 -600 600 1700 300 1100 1700 300 1100 1700 -600
600 2200 -600 1100 2200 -600 1100 2200 300 600 2200 300
600 1700 -600 600 2200 -600 600 2200 300 600 1700 300
1100 1700 -600 1100 1700 300 1100 2200 300 1100 2200 -600


*Blok lewy przedni
-800 1300 -600 -400 1300 -600 -400 1900 -600 -800 1900 -600
-800 1300 -200 -800 1900 -200 -400 1900 -200 -400 1300 -200
-800 1300 -600 -800 1300 -200 -400 1300 -200 -400 1300 -600
-800 1900 -600 -400 1900 -600 -400 1900 -200 -800 1900 -200
-800 1300 -600 -800 1900 -600 -800 1900 -200 -800 1300 -200
-400 1300 -600 -400 1300 -200 -400 1900 -200 -400 1900 -600


*Blok prawy tylny

-900 2100 -600 -300 2100 -600 -300 2500 -600 -900 2500 -600
-900 2100 500 -900 2500 500 -300 2500 500 -300 2100 500
-900 2100 -600 -900 2100 500 -300 2100 500 -300 2100 -600
-900 2500 -600 -300 2500 -600 -300 2500 500 -900 2500 500
-900 2100 -600 -900 2500 -600 -900 2500 500 -900 2100 500
-300 2100 -600 -300 2100 500 -300 2500 500 -300 2500 -600
